Iter: 0, Best fit: [161567.69504115] at [3.31901304e+01 0.00000000e+00 7.74639447e+01 6.80519032e+01
 7.09433228e+01 1.13441676e+01 0.00000000e+00 7.32059181e+01
 7.41583731e+01 1.82916244e+01 2.23360646e+01 1.34446344e+00
 1.01000000e+02 0.00000000e+00 9.10000000e+01 0.00000000e+00
 0.00000000e+00 3.71973254e+01 6.37288243e+01 1.74742595e+01
 9.10000000e+01 1.32797043e+01 0.00000000e+00 2.62403121e+01
 0.00000000e+00 4.32218926e+01 0.00000000e+00 0.00000000e+00
 3.09217412e+00 1.14073823e+01 1.29194613e+01 0.00000000e+00
 1.90000000e+01 0.00000000e+00 4.14136678e-02 1.90000000e+01
 3.99738456e+00 1.00747350e+01 1.86589686e+01 8.39563624e+00
 0.00000000e+00 0.00000000e+00 4.46485362e+00 1.50000000e+01
 0.00000000e+00 7.49992070e+00 9.16600841e+00 8.34280655e+00
 5.25018487e+00 1.50000000e+01 7.88788026e+00 7.14405474e+00
 1.50000000e+01 1.90000000e+01 7.43163131e+00 1.70125895e+00
 0.00000000e+00 7.80767428e+00 2.82214856e-02 1.06941820e+00
 0.00000000e+00 1.92886564e+00 0.00000000e+00 0.00000000e+00
 3.82438558e-01 7.59368250e-01 7.20872052e+00 5.28635008e-01
 6.00000000e+00 5.81874185e+00 0.00000000e+00 3.00022881e+00
 8.00000000e+00 1.30068120e+00 4.46482352e+00 4.38560608e+00
 5.00000000e+00 0.00000000e+00 2.46798206e+00 0.00000000e+00
 5.62242804e+00]
Iter: 1, Best fit: [146668.70067001] at [ 21.38099706   0.          91.         101.          77.94546838
   0.           0.          42.69614693  82.88937616   0.
   0.           0.         101.           0.          91.
   0.           0.          17.05814447  95.14219106   0.
  91.           0.           0.           0.           0.
  50.03557946   0.           0.           4.66782505   9.68500457
  13.           0.          19.           0.           0.
  19.           0.          14.29608855  19.          10.86257591
   0.           0.           2.49852234  15.           0.
   9.70886993   5.23664678   1.06387823   0.41935831  15.
   0.51617997   3.13603178  15.          19.           8.
   3.02244783   0.           8.           0.           0.
   0.           0.95292633   0.           0.           0.
   0.           8.           0.           6.           8.
   0.           3.94261988   8.           1.1303215    6.
   7.61143315   5.           0.           1.45147235   0.
   6.        ]
Iter: 2, Best fit: [143386.17773152] at [ 11.93369037   0.          91.         101.          83.54718489
   0.           0.          18.28833002  89.87417861   0.
   0.           0.         101.           0.          91.
   0.           0.           0.94679969 101.           0.
  91.           0.           0.           0.           0.
  55.48652898   0.           0.           5.92834579   8.30710242
  13.           0.          19.           0.           0.
  19.           0.          15.          19.          12.83612764
   0.           0.           0.92545732  15.           0.
  11.47602931   2.09315748   0.           0.          15.
   0.           0.          15.          19.           8.
   4.07939893   0.           8.           0.           0.
   0.           0.17217488   0.           0.           0.
   0.           8.           0.           6.           8.
   0.           4.69653274   8.           0.99403374   6.
   8.           5.           0.           0.63826459   0.
   6.        ]
Iter: 3, Best fit: [140742.95866759] at [2.69752893e+01 0.00000000e+00 7.45969027e+01 1.01000000e+02
 1.80033004e+01 1.47678717e+01 0.00000000e+00 4.56292563e+01
 3.21876392e+01 0.00000000e+00 0.00000000e+00 5.02592369e+01
 3.90029813e+01 5.90313628e+01 9.10000000e+01 4.32179722e+01
 5.82342439e+01 4.49521196e+00 1.01000000e+02 9.08962343e+01
 1.80951578e+01 0.00000000e+00 0.00000000e+00 1.44569793e+01
 0.00000000e+00 0.00000000e+00 2.67091269e+01 0.00000000e+00
 0.00000000e+00 1.00966560e+01 1.30000000e+01 1.12052225e+01
 4.90933638e+00 0.00000000e+00 1.44809282e+00 1.90000000e+01
 0.00000000e+00 9.45921836e+00 1.02585442e+01 1.30000000e+01
 1.32398665e+00 0.00000000e+00 8.63717076e+00 9.28981359e+00
 0.00000000e+00 7.62396526e+00 8.30457533e+00 0.00000000e+00
 9.70437190e+00 1.50000000e+01 4.48776696e+00 0.00000000e+00
 0.00000000e+00 1.27775122e+01 0.00000000e+00 1.40886285e+00
 7.64729171e-01 6.68702370e+00 6.69863399e-02 2.01473633e+00
 0.00000000e+00 2.70967496e+00 1.50584871e-01 5.33837370e+00
 5.00000000e+00 0.00000000e+00 8.00000000e+00 0.00000000e+00
 3.31053493e+00 2.31348666e+00 1.96148972e+00 6.00000000e+00
 8.00000000e+00 1.35437540e+00 3.42742123e+00 8.00000000e+00
 2.62577588e+00 0.00000000e+00 4.18041776e+00 0.00000000e+00
 5.81459481e+00]
Iter: 4, Best fit: [123044.71383217] at [ 16.09243075   0.          91.         101.          32.40594063
   0.           0.          12.01726027  35.0242756    0.
   0.          32.69713265  70.19681832  27.72591807  91.
  19.92839103  14.40043318   0.         101.          66.81322169
  32.571284     0.           0.           5.36504749   0.
   0.          12.42597934   0.           0.          11.55110716
  13.           8.16940043   8.55798534   0.           0.
  19.           0.          12.46508614  15.17395971  13.
   0.           0.           6.5169047   10.97094093   0.
   6.73225013   4.09267916   0.           7.45877357  15.
   0.69369246   0.           0.          15.61430276   0.
   2.53595314   0.           8.           0.           0.
   0.           1.6833621    0.           3.20907265   5.
   0.           8.           0.           5.20587643   4.164276
   0.69014167   6.           8.           0.86387273   5.78625846
   8.           3.90632546   0.           1.51224198   0.
   6.        ]
Iter: 5, Best fit: [111852.17574941] at [7.67142025e+00 0.00000000e+00 9.10000000e+01 1.01000000e+02
 2.51048504e+01 0.00000000e+00 0.00000000e+00 0.00000000e+00
 1.93056284e+01 4.60596178e+00 0.00000000e+00 2.67475637e-01
 9.47895967e+01 0.00000000e+00 9.10000000e+01 2.82713083e+01
 0.00000000e+00 0.00000000e+00 1.01000000e+02 3.56971084e+01
 7.49846663e+01 0.00000000e+00 0.00000000e+00 5.47044199e-02
 9.12231109e-01 8.02744206e+00 0.00000000e+00 0.00000000e+00
 0.00000000e+00 6.34484104e+00 1.30000000e+01 1.35888498e+00
 6.33383731e+00 0.00000000e+00 0.00000000e+00 1.90000000e+01
 0.00000000e+00 1.24473907e+01 1.90000000e+01 1.30000000e+01
 0.00000000e+00 0.00000000e+00 9.00011751e+00 1.43907168e+01
 0.00000000e+00 9.93850148e+00 6.95979129e-01 0.00000000e+00
 2.08370684e+00 1.50000000e+01 0.00000000e+00 0.00000000e+00
 8.50485604e+00 1.16996450e+01 8.00000000e+00 1.94912263e+00
 0.00000000e+00 8.00000000e+00 1.46390961e-02 0.00000000e+00
 0.00000000e+00 1.15358489e-01 0.00000000e+00 3.23598004e+00
 1.77013246e+00 0.00000000e+00 8.00000000e+00 0.00000000e+00
 5.75958986e+00 5.39926643e+00 1.18275365e+00 4.45435420e+00
 8.00000000e+00 8.01881831e-01 5.55383927e+00 8.00000000e+00
 4.65804768e+00 0.00000000e+00 3.46448243e+00 0.00000000e+00
 6.00000000e+00]
Iter: 6, Best fit: [104137.13971389] at [0.00000000e+00 0.00000000e+00 9.10000000e+01 1.01000000e+02
 0.00000000e+00 0.00000000e+00 0.00000000e+00 0.00000000e+00
 2.62624964e+01 0.00000000e+00 0.00000000e+00 4.81456147e-01
 1.01000000e+02 0.00000000e+00 9.10000000e+01 1.75695454e+00
 0.00000000e+00 0.00000000e+00 1.01000000e+02 2.15396612e+01
 6.31706258e+01 0.00000000e+00 0.00000000e+00 9.84679558e-02
 0.00000000e+00 0.00000000e+00 0.00000000e+00 0.00000000e+00
 0.00000000e+00 1.07778821e+01 1.30000000e+01 1.92682891e+00
 8.95123014e+00 0.00000000e+00 0.00000000e+00 1.90000000e+01
 0.00000000e+00 1.15174717e+01 1.90000000e+01 1.30000000e+01
 0.00000000e+00 0.00000000e+00 6.64902313e+00 1.40100322e+01
 0.00000000e+00 1.23248642e+01 1.25189320e+00 0.00000000e+00
 3.16847540e+00 1.50000000e+01 0.00000000e+00 0.00000000e+00
 6.20139985e+00 1.52159478e+01 8.00000000e+00 8.80003632e-01
 0.00000000e+00 8.00000000e+00 0.00000000e+00 0.00000000e+00
 0.00000000e+00 2.07645281e-01 0.00000000e+00 1.68334361e+00
 2.08498977e+00 0.00000000e+00 8.00000000e+00 0.00000000e+00
 5.66537637e+00 6.40727386e+00 4.79701417e-01 6.00000000e+00
 8.00000000e+00 1.14464860e+00 6.00000000e+00 8.00000000e+00
 4.78010222e+00 0.00000000e+00 2.90017208e+00 0.00000000e+00
 6.00000000e+00]
Iter: 7, Best fit: [100189.46109235] at [0.00000000e+00 0.00000000e+00 9.10000000e+01 1.01000000e+02
 9.11981756e+00 0.00000000e+00 0.00000000e+00 0.00000000e+00
 2.45667549e+01 0.00000000e+00 0.00000000e+00 0.00000000e+00
 7.08783642e+01 1.74333129e+01 9.05307502e+01 0.00000000e+00
 0.00000000e+00 0.00000000e+00 1.01000000e+02 0.00000000e+00
 3.57597813e+01 0.00000000e+00 0.00000000e+00 0.00000000e+00
 0.00000000e+00 0.00000000e+00 4.10093536e+00 0.00000000e+00
 9.49918065e-02 1.33008415e+01 1.30000000e+01 1.09275761e+00
 1.44777320e+01 0.00000000e+00 0.00000000e+00 1.90000000e+01
 0.00000000e+00 1.50000000e+01 1.51521761e+01 1.30000000e+01
 0.00000000e+00 0.00000000e+00 1.11278800e+01 1.46799705e+01
 0.00000000e+00 6.85679865e+00 0.00000000e+00 0.00000000e+00
 7.88221126e+00 1.50000000e+01 0.00000000e+00 0.00000000e+00
 9.44593692e+00 1.90000000e+01 4.31502293e+00 2.52838825e+00
 0.00000000e+00 8.00000000e+00 0.00000000e+00 0.00000000e+00
 0.00000000e+00 0.00000000e+00 0.00000000e+00 1.72663247e+00
 3.62485895e+00 0.00000000e+00 8.00000000e+00 0.00000000e+00
 6.00000000e+00 3.79759712e+00 3.10136797e-02 6.00000000e+00
 8.00000000e+00 0.00000000e+00 6.00000000e+00 8.00000000e+00
 4.28417508e+00 0.00000000e+00 0.00000000e+00 0.00000000e+00
 6.00000000e+00]
Iter: 8, Best fit: [93848.71707561] at [0.00000000e+00 0.00000000e+00 9.10000000e+01 1.01000000e+02
 0.00000000e+00 0.00000000e+00 0.00000000e+00 0.00000000e+00
 4.14664531e+00 0.00000000e+00 0.00000000e+00 0.00000000e+00
 7.10341509e+01 1.59451849e+01 9.10000000e+01 0.00000000e+00
 0.00000000e+00 0.00000000e+00 1.01000000e+02 0.00000000e+00
 2.44329577e+01 0.00000000e+00 0.00000000e+00 0.00000000e+00
 0.00000000e+00 0.00000000e+00 0.00000000e+00 0.00000000e+00
 0.00000000e+00 1.64827071e+01 1.30000000e+01 5.50809272e-01
 1.47943891e+01 0.00000000e+00 0.00000000e+00 1.90000000e+01
 0.00000000e+00 1.50000000e+01 1.58494573e+01 1.30000000e+01
 0.00000000e+00 0.00000000e+00 1.30000000e+01 1.44239470e+01
 0.00000000e+00 8.42224948e+00 0.00000000e+00 0.00000000e+00
 8.75899746e+00 1.50000000e+01 0.00000000e+00 0.00000000e+00
 7.92094645e+00 1.90000000e+01 5.59737731e+00 1.64731831e+00
 0.00000000e+00 8.00000000e+00 0.00000000e+00 0.00000000e+00
 0.00000000e+00 0.00000000e+00 0.00000000e+00 2.45410375e+00
 4.08463772e+00 0.00000000e+00 8.00000000e+00 0.00000000e+00
 6.00000000e+00 3.25608830e+00 5.58246235e-02 6.00000000e+00
 8.00000000e+00 0.00000000e+00 6.00000000e+00 8.00000000e+00
 4.22310676e+00 0.00000000e+00 0.00000000e+00 0.00000000e+00
 6.00000000e+00]
Iter: 9, Best fit: [90582.14640851] at [4.56346418e+00 0.00000000e+00 9.10000000e+01 1.01000000e+02
 5.73484882e-02 0.00000000e+00 0.00000000e+00 0.00000000e+00
 0.00000000e+00 0.00000000e+00 0.00000000e+00 0.00000000e+00
 8.35256072e+01 2.27087639e-02 9.10000000e+01 8.38151510e+00
 0.00000000e+00 0.00000000e+00 1.01000000e+02 1.93961330e+01
 2.39845250e+01 0.00000000e+00 0.00000000e+00 0.00000000e+00
 0.00000000e+00 0.00000000e+00 0.00000000e+00 0.00000000e+00
 0.00000000e+00 6.92930254e+00 1.30000000e+01 2.82834892e-01
 7.64189174e+00 0.00000000e+00 0.00000000e+00 1.90000000e+01
 0.00000000e+00 1.33950756e+01 1.65298724e+01 1.30000000e+01
 0.00000000e+00 0.00000000e+00 3.39307143e+00 1.50000000e+01
 0.00000000e+00 1.30000000e+01 1.00390933e+00 0.00000000e+00
 8.20983741e+00 1.50000000e+01 0.00000000e+00 0.00000000e+00
 3.52266642e+00 1.46754146e+01 7.28625907e+00 6.46239812e-01
 0.00000000e+00 8.00000000e+00 0.00000000e+00 0.00000000e+00
 0.00000000e+00 0.00000000e+00 0.00000000e+00 0.00000000e+00
 8.81289937e-01 0.00000000e+00 8.00000000e+00 0.00000000e+00
 6.00000000e+00 4.77650293e+00 4.69093097e-01 6.00000000e+00
 8.00000000e+00 0.00000000e+00 6.00000000e+00 8.00000000e+00
 4.77736308e+00 0.00000000e+00 1.26398849e+00 0.00000000e+00
 6.00000000e+00]
Iter: 10, Best fit: [87021.7538971] at [1.96345258e-02 0.00000000e+00 9.10000000e+01 1.01000000e+02
 0.00000000e+00 0.00000000e+00 0.00000000e+00 0.00000000e+00
 0.00000000e+00 0.00000000e+00 0.00000000e+00 2.06148694e+00
 7.07714953e+01 0.00000000e+00 9.10000000e+01 0.00000000e+00
 0.00000000e+00 0.00000000e+00 1.01000000e+02 0.00000000e+00
 1.76267952e+01 0.00000000e+00 0.00000000e+00 0.00000000e+00
 0.00000000e+00 0.00000000e+00 0.00000000e+00 0.00000000e+00
 0.00000000e+00 1.37160074e+01 1.30000000e+01 8.11739782e-01
 1.34422361e+00 0.00000000e+00 0.00000000e+00 1.90000000e+01
 0.00000000e+00 1.36660013e+01 1.38730159e+01 1.30000000e+01
 0.00000000e+00 0.00000000e+00 9.61932539e+00 1.50000000e+01
 0.00000000e+00 9.22442092e+00 1.69734879e-02 0.00000000e+00
 7.89655505e+00 1.50000000e+01 0.00000000e+00 0.00000000e+00
 2.24588845e+00 1.79913484e+01 7.10885212e+00 6.15226362e-02
 0.00000000e+00 8.00000000e+00 0.00000000e+00 0.00000000e+00
 0.00000000e+00 0.00000000e+00 0.00000000e+00 2.59389402e+00
 4.40635439e+00 0.00000000e+00 8.00000000e+00 0.00000000e+00
 6.00000000e+00 1.62075273e+00 0.00000000e+00 6.00000000e+00
 8.00000000e+00 0.00000000e+00 6.00000000e+00 8.00000000e+00
 4.34479921e+00 0.00000000e+00 1.92041473e-01 0.00000000e+00
 6.00000000e+00]
Iter: 11, Best fit: [84869.87254282] at [3.53421464e-02 0.00000000e+00 9.10000000e+01 1.01000000e+02
 0.00000000e+00 0.00000000e+00 0.00000000e+00 0.00000000e+00
 0.00000000e+00 0.00000000e+00 0.00000000e+00 0.00000000e+00
 6.65025717e+01 0.00000000e+00 9.10000000e+01 0.00000000e+00
 0.00000000e+00 0.00000000e+00 1.01000000e+02 0.00000000e+00
 7.40427372e+00 0.00000000e+00 0.00000000e+00 0.00000000e+00
 0.00000000e+00 0.00000000e+00 0.00000000e+00 0.00000000e+00
 0.00000000e+00 1.18786074e+01 1.30000000e+01 0.00000000e+00
 2.29818218e+00 0.00000000e+00 0.00000000e+00 1.90000000e+01
 0.00000000e+00 1.50000000e+01 1.27469767e+01 1.30000000e+01
 0.00000000e+00 0.00000000e+00 1.02477902e+01 1.50000000e+01
 0.00000000e+00 8.79923584e+00 0.00000000e+00 0.00000000e+00
 8.87000903e+00 1.50000000e+01 0.00000000e+00 0.00000000e+00
 2.98637157e+00 1.84104898e+01 7.97267407e+00 8.93504618e-02
 0.00000000e+00 8.00000000e+00 0.00000000e+00 0.00000000e+00
 0.00000000e+00 0.00000000e+00 0.00000000e+00 1.25987063e+00
 4.13370372e+00 0.00000000e+00 8.00000000e+00 0.00000000e+00
 6.00000000e+00 7.32296561e-01 0.00000000e+00 6.00000000e+00
 8.00000000e+00 0.00000000e+00 6.00000000e+00 8.00000000e+00
 4.24346675e+00 0.00000000e+00 0.00000000e+00 0.00000000e+00
 6.00000000e+00]
Iter: 12, Best fit: [83361.8714994] at [4.79082430e-02 0.00000000e+00 9.10000000e+01 1.01000000e+02
 0.00000000e+00 0.00000000e+00 0.00000000e+00 0.00000000e+00
 0.00000000e+00 0.00000000e+00 0.00000000e+00 0.00000000e+00
 6.30874328e+01 0.00000000e+00 9.10000000e+01 0.00000000e+00
 0.00000000e+00 0.00000000e+00 1.01000000e+02 0.00000000e+00
 0.00000000e+00 0.00000000e+00 0.00000000e+00 0.00000000e+00
 0.00000000e+00 0.00000000e+00 0.00000000e+00 0.00000000e+00
 0.00000000e+00 1.04086874e+01 1.30000000e+01 0.00000000e+00
 3.06134904e+00 0.00000000e+00 0.00000000e+00 1.90000000e+01
 0.00000000e+00 1.50000000e+01 1.18461453e+01 1.30000000e+01
 0.00000000e+00 0.00000000e+00 1.07505620e+01 1.50000000e+01
 0.00000000e+00 8.45908777e+00 0.00000000e+00 0.00000000e+00
 9.64877221e+00 1.50000000e+01 0.00000000e+00 0.00000000e+00
 3.57875806e+00 1.87458030e+01 8.00000000e+00 1.11612722e-01
 0.00000000e+00 8.00000000e+00 0.00000000e+00 0.00000000e+00
 0.00000000e+00 0.00000000e+00 0.00000000e+00 1.92651917e-01
 3.91558318e+00 0.00000000e+00 8.00000000e+00 0.00000000e+00
 6.00000000e+00 2.15316248e-02 0.00000000e+00 6.00000000e+00
 8.00000000e+00 0.00000000e+00 6.00000000e+00 8.00000000e+00
 4.16240077e+00 0.00000000e+00 0.00000000e+00 0.00000000e+00
 6.00000000e+00]
Iter: 13, Best fit: [81769.83129839] at [0.00000000e+00 0.00000000e+00 9.10000000e+01 1.01000000e+02
 0.00000000e+00 0.00000000e+00 0.00000000e+00 0.00000000e+00
 0.00000000e+00 0.00000000e+00 0.00000000e+00 0.00000000e+00
 4.87280364e+01 5.03331315e+00 9.10000000e+01 1.59503892e+00
 0.00000000e+00 0.00000000e+00 1.01000000e+02 0.00000000e+00
 0.00000000e+00 0.00000000e+00 0.00000000e+00 0.00000000e+00
 0.00000000e+00 0.00000000e+00 0.00000000e+00 0.00000000e+00
 0.00000000e+00 1.35324664e+01 1.30000000e+01 5.03019238e-01
 1.69614805e+00 0.00000000e+00 0.00000000e+00 1.90000000e+01
 0.00000000e+00 1.45713706e+01 1.27125204e+01 1.30000000e+01
 0.00000000e+00 0.00000000e+00 1.13039463e+01 1.50000000e+01
 0.00000000e+00 7.88372595e+00 0.00000000e+00 0.00000000e+00
 1.02072395e+01 1.50000000e+01 0.00000000e+00 0.00000000e+00
 2.19701762e+00 1.47078237e+01 7.45856883e+00 8.65108497e-02
 0.00000000e+00 8.00000000e+00 0.00000000e+00 0.00000000e+00
 0.00000000e+00 0.00000000e+00 0.00000000e+00 2.91616184e-01
 2.26371924e+00 0.00000000e+00 8.00000000e+00 0.00000000e+00
 6.00000000e+00 2.04252420e+00 0.00000000e+00 6.00000000e+00
 8.00000000e+00 0.00000000e+00 6.00000000e+00 8.00000000e+00
 3.85083650e+00 0.00000000e+00 0.00000000e+00 0.00000000e+00
 6.00000000e+00]
Iter: 14, Best fit: [79888.67412563] at [  0.           0.          91.         101.           0.
   0.           0.           0.           0.           0.
   0.           0.          38.57764308   3.91035911  91.
   0.6145501    0.           0.         101.           0.
   0.           0.           0.           0.           0.
   0.           0.           0.           0.          11.86891083
  13.           0.17330179   0.11784618   0.           0.
  19.           0.          15.          10.56137578  13.
   0.           0.          10.6744713   15.           0.
   7.84598377   0.           0.          10.09961199  15.
   0.           0.           1.73971119  15.86476998   8.
   0.           0.           8.           0.           0.
   0.           0.           0.           0.           2.17272454
   0.           8.           0.           6.           1.35476481
   0.           6.           8.           0.           6.
   8.           3.76310851   0.           0.           0.
   6.        ]
Iter: 15, Best fit: [78539.98745965] at [  0.           0.          91.         101.           0.
   0.           0.           0.           0.           0.
   0.           0.          30.45732843   3.01199588  91.
   0.           0.           0.         101.           0.
   0.           0.           0.           0.           0.
   0.           0.           0.           0.          10.5380664
  13.           0.           0.           0.           0.
  19.           0.          15.           8.84046009  13.
   0.           0.          10.17089127  15.           0.
   7.81579003   0.           0.          10.01351001  15.
   0.           0.           1.37386605  16.79032697   8.
   0.           0.           8.           0.           0.
   0.           0.           0.           0.           2.09992878
   0.           8.           0.           6.           0.80455729
   0.           6.           8.           0.           6.
   8.           3.69292612   0.           0.           0.
   6.        ]
Iter: 16, Best fit: [77487.77130896] at [0.00000000e+00 0.00000000e+00 9.10000000e+01 1.01000000e+02
 0.00000000e+00 0.00000000e+00 0.00000000e+00 0.00000000e+00
 0.00000000e+00 0.00000000e+00 0.00000000e+00 0.00000000e+00
 2.59665883e+01 0.00000000e+00 9.10000000e+01 0.00000000e+00
 0.00000000e+00 0.00000000e+00 1.01000000e+02 0.00000000e+00
 0.00000000e+00 0.00000000e+00 0.00000000e+00 0.00000000e+00
 0.00000000e+00 0.00000000e+00 0.00000000e+00 0.00000000e+00
 0.00000000e+00 1.10212181e+01 1.30000000e+01 0.00000000e+00
 0.00000000e+00 0.00000000e+00 0.00000000e+00 1.90000000e+01
 0.00000000e+00 1.50000000e+01 8.70098159e+00 1.30000000e+01
 0.00000000e+00 0.00000000e+00 1.30000000e+01 1.50000000e+01
 0.00000000e+00 7.93578178e+00 0.00000000e+00 0.00000000e+00
 7.90579014e+00 1.50000000e+01 0.00000000e+00 0.00000000e+00
 8.83830273e-02 1.57732462e+01 8.00000000e+00 0.00000000e+00
 0.00000000e+00 8.00000000e+00 0.00000000e+00 0.00000000e+00
 0.00000000e+00 0.00000000e+00 0.00000000e+00 0.00000000e+00
 2.28613045e+00 0.00000000e+00 8.00000000e+00 0.00000000e+00
 6.00000000e+00 4.86480689e-01 0.00000000e+00 6.00000000e+00
 8.00000000e+00 0.00000000e+00 6.00000000e+00 8.00000000e+00
 3.33433045e+00 0.00000000e+00 0.00000000e+00 0.00000000e+00
 6.00000000e+00]
Iter: 17, Best fit: [75359.00360841] at [0.00000000e+00 0.00000000e+00 9.10000000e+01 1.01000000e+02
 0.00000000e+00 0.00000000e+00 0.00000000e+00 0.00000000e+00
 0.00000000e+00 0.00000000e+00 0.00000000e+00 0.00000000e+00
 5.64430798e+00 0.00000000e+00 9.10000000e+01 0.00000000e+00
 0.00000000e+00 0.00000000e+00 1.01000000e+02 0.00000000e+00
 0.00000000e+00 0.00000000e+00 0.00000000e+00 0.00000000e+00
 0.00000000e+00 0.00000000e+00 0.00000000e+00 0.00000000e+00
 0.00000000e+00 1.06973166e+01 1.30000000e+01 0.00000000e+00
 0.00000000e+00 0.00000000e+00 0.00000000e+00 1.90000000e+01
 0.00000000e+00 1.50000000e+01 8.21501981e+00 1.30000000e+01
 0.00000000e+00 0.00000000e+00 1.04899852e+01 1.50000000e+01
 0.00000000e+00 6.56621177e+00 0.00000000e+00 0.00000000e+00
 1.03435215e+01 1.50000000e+01 0.00000000e+00 0.00000000e+00
 9.42010682e-02 1.63567564e+01 8.00000000e+00 0.00000000e+00
 0.00000000e+00 8.00000000e+00 0.00000000e+00 0.00000000e+00
 0.00000000e+00 0.00000000e+00 0.00000000e+00 0.00000000e+00
 4.18759399e-01 0.00000000e+00 8.00000000e+00 0.00000000e+00
 6.00000000e+00 6.86054566e-01 0.00000000e+00 6.00000000e+00
 8.00000000e+00 0.00000000e+00 6.00000000e+00 8.00000000e+00
 3.16089145e+00 0.00000000e+00 0.00000000e+00 0.00000000e+00
 6.00000000e+00]
Iter: 18, Best fit: [74326.07056385] at [  0.           0.          91.         101.           0.
   0.           0.           0.           0.           0.
   0.           0.           5.9478834    0.          91.
   0.           0.           0.         101.           0.
   0.           0.           0.           0.           0.
   0.           0.           0.           0.           7.38832952
  13.           0.           0.           0.           0.
  19.           0.          15.           6.49679184  13.
   0.           0.          13.          15.           0.
   7.09677818   0.           0.           7.41985895  15.
   0.           0.           0.          14.95831883   8.
   0.           0.           8.           0.           0.
   0.           0.           0.           0.           0.93788201
   0.           8.           0.           6.           1.06761861
   0.           6.           8.           0.           6.
   8.           2.97457465   0.           0.           0.
   6.        ]
Iter: 19, Best fit: [73176.52285864] at [  0.           0.          91.         101.           0.
   0.           0.           0.           0.           0.
   0.           0.           0.           0.          91.
   0.           0.           0.         101.           0.
   0.           0.           0.           0.           0.
   0.           0.           0.           0.           7.29920037
  13.           0.           0.           0.           0.
  19.           0.          15.           6.07142476  13.
   0.           0.          12.65769169  15.           0.
   5.17887084   0.           0.           7.55381592  15.
   0.           0.           0.          13.30569695   8.
   0.           0.           8.           0.           0.
   0.           0.           0.           0.           0.27325052
   0.           8.           0.           6.           0.85072954
   0.           6.           8.           0.           6.
   8.           3.05655413   0.           0.           0.
   6.        ]
Iter: 20, Best fit: [72744.19846078] at [0.00000000e+00 0.00000000e+00 9.10000000e+01 1.01000000e+02
 0.00000000e+00 0.00000000e+00 0.00000000e+00 0.00000000e+00
 0.00000000e+00 0.00000000e+00 0.00000000e+00 0.00000000e+00
 0.00000000e+00 1.39702256e-01 9.10000000e+01 0.00000000e+00
 0.00000000e+00 0.00000000e+00 1.01000000e+02 0.00000000e+00
 0.00000000e+00 0.00000000e+00 0.00000000e+00 0.00000000e+00
 0.00000000e+00 0.00000000e+00 0.00000000e+00 0.00000000e+00
 0.00000000e+00 6.24976926e+00 1.30000000e+01 2.32818844e-03
 0.00000000e+00 0.00000000e+00 0.00000000e+00 1.90000000e+01
 0.00000000e+00 1.50000000e+01 5.37162008e+00 1.30000000e+01
 0.00000000e+00 0.00000000e+00 9.23481636e+00 1.50000000e+01
 0.00000000e+00 6.99420327e+00 0.00000000e+00 0.00000000e+00
 6.51643822e+00 1.50000000e+01 0.00000000e+00 0.00000000e+00
 3.37814835e-01 1.42138274e+01 8.00000000e+00 0.00000000e+00
 0.00000000e+00 8.00000000e+00 0.00000000e+00 0.00000000e+00
 0.00000000e+00 0.00000000e+00 0.00000000e+00 0.00000000e+00
 0.00000000e+00 0.00000000e+00 8.00000000e+00 0.00000000e+00
 6.00000000e+00 7.41142724e-01 0.00000000e+00 6.00000000e+00
 8.00000000e+00 0.00000000e+00 6.00000000e+00 8.00000000e+00
 2.82105110e+00 0.00000000e+00 0.00000000e+00 0.00000000e+00
 6.00000000e+00]
Iter: 21, Best fit: [71969.99284622] at [  0.           0.          91.         101.           0.
   0.           0.           0.           0.           0.
   0.           0.           0.           0.          91.
   0.           0.           0.         101.           0.
   0.           0.           0.           0.           0.
   0.           0.           0.           0.           3.81053699
  13.           0.           0.           0.           0.
  19.           0.          15.           5.11333782  13.
   0.           0.           9.32672695  15.           0.
   6.6249054    0.           0.           6.00200113  15.
   0.           0.           0.          13.0454601    8.
   0.           0.           8.           0.           0.
   0.           0.           0.           0.           0.
   0.           8.           0.           6.           1.019121
   0.           6.           8.           0.           6.
   8.           2.59721509   0.           0.           0.
   6.        ]
Iter: 22, Best fit: [71392.77505064] at [  0.           0.          91.         101.           0.
   0.           0.           0.           0.           0.
   0.           0.           0.           0.          91.
   0.           0.           0.         101.           0.
   0.           0.           0.           0.           0.
   0.           0.           0.           0.           4.18669246
  13.           0.           0.           0.           0.
  19.           0.          15.           3.830317    13.
   0.           0.          10.30654694  15.           0.
   5.19584252   0.           0.           4.5554952   15.
   0.           0.           0.          12.02801774   8.
   0.           0.           8.           0.           0.
   0.           0.           0.           0.           0.
   0.           8.           0.           6.           1.00150603
   0.           6.           8.           0.           6.
   8.           2.44872487   0.           0.           0.
   6.        ]
Iter: 23, Best fit: [70591.99561957] at [  0.           0.          91.         101.           0.
   0.           0.           0.           0.           0.
   0.           0.           0.           0.          91.
   0.           0.           0.         101.           0.
   0.           0.           0.           0.           0.
   0.           0.           0.           0.           2.04202566
  13.           0.           0.           0.           0.
  19.           0.          15.           3.45533684  13.
   0.           0.           8.78843658  15.           0.
   5.46282569   0.           0.           3.08420739  15.
   0.           0.           0.          11.2701012    8.
   0.           0.           8.           0.           0.
   0.           0.           0.           0.           0.
   0.           8.           0.           6.           1.00283452
   0.           6.           8.           0.           6.
   8.           2.38145312   0.           0.           0.
   6.        ]
Iter: 24, Best fit: [69951.37207472] at [  0.           0.          91.         101.           0.
   0.           0.           0.           0.           0.
   0.           0.           0.           0.          91.
   0.           0.           0.         101.           0.
   0.           0.           0.           0.           0.
   0.           0.           0.           0.           0.32629222
  13.           0.           0.           0.           0.
  19.           0.          15.           3.15535271  13.
   0.           0.           7.57394829  15.           0.
   5.67641222   0.           0.           1.90717713  15.
   0.           0.           0.          10.66376798   8.
   0.           0.           8.           0.           0.
   0.           0.           0.           0.           0.
   0.           8.           0.           6.           1.00389732
   0.           6.           8.           0.           6.
   8.           2.32763572   0.           0.           0.
   6.        ]
Iter: 25, Best fit: [69479.37164629] at [  0.           0.          91.         101.           0.
   0.           0.           0.           0.           0.
   0.           0.           0.           0.          91.
   0.           0.           0.         101.           0.
   0.           0.           0.           0.           0.
   0.           0.           0.           0.           0.67478471
  13.           0.           0.           0.           0.
  19.           0.          15.           2.25309666  13.
   0.           0.           7.29611274  15.           0.
   5.22216502   0.           0.           0.95060345  15.
   0.           0.           0.           9.52506267   8.
   0.           0.           8.           0.           0.
   0.           0.           0.           0.           0.
   0.           8.           0.           6.           1.05255376
   0.           6.           8.           0.           6.
   8.           2.34551175   0.           0.           0.
   6.        ]
Iter: 26, Best fit: [68883.92478817] at [  0.           0.          91.         101.           0.
   0.           0.           0.           0.           0.
   0.           0.           0.           0.          91.
   0.           0.           0.         101.           0.
   0.           0.           0.           0.           0.
   0.           0.           0.           0.           0.
  13.           0.           0.           0.           0.
  19.           0.          15.           2.06242271  13.
   0.           0.           6.40993557  15.           0.
   3.92353922   0.           0.           0.          15.
   0.           0.           0.           8.77720158   8.
   0.           0.           8.           0.           0.
   0.           0.           0.           0.           0.
   0.           8.           0.           6.           1.09660269
   0.           6.           8.           0.           6.
   8.           2.02076172   0.           0.           0.
   6.        ]
Iter: 27, Best fit: [68493.11967457] at [  0.           0.          91.         101.           0.
   0.           0.           0.           0.           0.
   0.           0.           0.           0.          91.
   0.           0.           0.         101.           0.
   0.           0.           0.           0.           0.
   0.           0.           0.           0.           0.
  13.           0.           0.           0.           0.
  19.           0.          15.           1.34809456  13.
   0.           0.           5.83310718  15.           0.
   5.17395607   0.           0.           0.          15.
   0.           0.           0.           7.02659952   8.
   0.           0.           8.           0.           0.
   0.           0.           0.           0.           0.
   0.           8.           0.           6.           1.03277057
   0.           6.           8.           0.           6.
   8.           2.06402682   0.           0.           0.
   6.        ]
Iter: 28, Best fit: [68074.96560701] at [  0.           0.          91.         101.           0.
   0.           0.           0.           0.           0.
   0.           0.           0.           0.          91.
   0.           0.           0.         101.           0.
   0.           0.           0.           0.           0.
   0.           0.           0.           0.           0.
  13.           0.           0.           0.           0.
  19.           0.          15.           0.40366874  13.
   0.           0.           3.33711596  15.           0.
   4.40293326   0.           0.           0.          15.
   0.           0.           0.           7.00907122   8.
   0.           0.           8.           0.           0.
   0.           0.           0.           0.           0.
   0.           8.           0.           6.           0.99036861
   0.           6.           8.           0.           6.
   8.           2.08057023   0.           0.           0.
   6.        ]
Iter: 29, Best fit: [67691.47057582] at [  0.           0.          91.         101.           0.
   0.           0.           0.           0.           0.
   0.           0.           0.           0.          91.
   0.           0.           0.         101.           0.
   0.           0.           0.           0.           0.
   0.           0.           0.           0.           0.
  13.           0.           0.           0.           0.
  19.           0.          15.           0.          13.
   0.           0.           2.23851389  15.           0.
   4.40383309   0.           0.           0.          15.
   0.           0.           0.           5.73338408   8.
   0.           0.           8.           0.           0.
   0.           0.           0.           0.           0.
   0.           8.           0.           6.           1.06799854
   0.           6.           8.           0.           6.
   8.           2.03493399   0.           0.           0.
   6.        ]
Iter: 30, Best fit: [67408.62026886] at [  0.           0.          91.         101.           0.
   0.           0.           0.           0.           0.
   0.           0.           0.           0.          91.
   0.           0.           0.         101.           0.
   0.           0.           0.           0.           0.
   0.           0.           0.           0.           0.
  13.           0.           0.           0.           0.
  19.           0.          15.           0.          13.
   0.           0.           0.18347583  15.           0.
   4.05630963   0.           0.           0.          15.
   0.           0.           0.           5.42699419   8.
   0.           0.           8.           0.           0.
   0.           0.           0.           0.           0.
   0.           8.           0.           6.           0.77394494
   0.           6.           8.           0.           6.
   8.           1.94122903   0.           0.           0.
   6.        ]
Iter: 31, Best fit: [67103.40335595] at [  0.           0.          91.         101.           0.
   0.           0.           0.           0.           0.
   0.           0.           0.           0.          91.
   0.           0.           0.         101.           0.
   0.           0.           0.           0.           0.
   0.           0.           0.           0.           0.
  13.           0.           0.           0.           0.
  19.           0.          15.           0.          13.
   0.           0.           0.          15.           0.
   4.09288811   0.           0.           0.          15.
   0.           0.           0.           3.56026254   8.
   0.           0.           8.           0.           0.
   0.           0.           0.           0.           0.
   0.           8.           0.           6.           1.1473614
   0.           6.           8.           0.           6.
   8.           1.95118736   0.           0.           0.
   6.        ]
Iter: 32, Best fit: [66913.75512625] at [0.00000000e+00 0.00000000e+00 9.10000000e+01 1.01000000e+02
 0.00000000e+00 0.00000000e+00 0.00000000e+00 0.00000000e+00
 0.00000000e+00 0.00000000e+00 0.00000000e+00 0.00000000e+00
 0.00000000e+00 0.00000000e+00 9.10000000e+01 0.00000000e+00
 0.00000000e+00 0.00000000e+00 1.01000000e+02 0.00000000e+00
 0.00000000e+00 0.00000000e+00 0.00000000e+00 0.00000000e+00
 0.00000000e+00 0.00000000e+00 0.00000000e+00 0.00000000e+00
 0.00000000e+00 0.00000000e+00 1.30000000e+01 0.00000000e+00
 0.00000000e+00 0.00000000e+00 0.00000000e+00 1.90000000e+01
 0.00000000e+00 1.50000000e+01 0.00000000e+00 1.30000000e+01
 0.00000000e+00 0.00000000e+00 7.94683951e-02 1.50000000e+01
 0.00000000e+00 3.53146192e+00 0.00000000e+00 0.00000000e+00
 0.00000000e+00 1.50000000e+01 0.00000000e+00 0.00000000e+00
 0.00000000e+00 2.82259047e+00 8.00000000e+00 0.00000000e+00
 0.00000000e+00 8.00000000e+00 0.00000000e+00 0.00000000e+00
 0.00000000e+00 0.00000000e+00 0.00000000e+00 0.00000000e+00
 0.00000000e+00 0.00000000e+00 8.00000000e+00 0.00000000e+00
 6.00000000e+00 8.89214158e-01 0.00000000e+00 6.00000000e+00
 8.00000000e+00 0.00000000e+00 6.00000000e+00 8.00000000e+00
 1.89943229e+00 0.00000000e+00 0.00000000e+00 0.00000000e+00
 6.00000000e+00]
Iter: 33, Best fit: [66736.30317574] at [  0.           0.          91.         101.           0.
   0.           0.           0.           0.           0.
   0.           0.           0.           0.          91.
   0.           0.           0.         101.           0.
   0.           0.           0.           0.           0.
   0.           0.           0.           0.           0.
  13.           0.           0.           0.           0.
  19.           0.          15.           0.          13.
   0.           0.           0.          15.           0.
   3.37632549   0.           0.           0.          15.
   0.           0.           0.           1.90398672   8.
   0.           0.           8.           0.           0.
   0.           0.           0.           0.           0.
   0.           8.           0.           6.           0.85819619
   0.           6.           8.           0.           6.
   8.           1.90587505   0.           0.           0.
   6.        ]
Iter: 34, Best fit: [66581.31576158] at [  0.           0.          91.         101.           0.
   0.           0.           0.           0.           0.
   0.           0.           0.           0.          91.
   0.           0.           0.         101.           0.
   0.           0.           0.           0.           0.
   0.           0.           0.           0.           0.
  13.           0.           0.           0.           0.
  19.           0.          15.           0.          13.
   0.           0.           0.          15.           0.
   3.61665981   0.           0.           0.          15.
   0.           0.           0.           1.01632273   8.
   0.           0.           8.           0.           0.
   0.           0.           0.           0.           0.
   0.           8.           0.           6.           0.85704704
   0.           6.           8.           0.           6.
   8.           1.82674363   0.           0.           0.
   6.        ]
Iter: 35, Best fit: [66369.342205] at [  0.           0.          91.         101.           0.
   0.           0.           0.           0.           0.
   0.           0.           0.           0.          91.
   0.           0.           0.         101.           0.
   0.           0.           0.           0.           0.
   0.           0.           0.           0.           0.
  13.           0.           0.           0.           0.
  19.           0.          15.           0.          13.
   0.           0.           0.          15.           0.
   3.18355371   0.           0.           0.          15.
   0.           0.           0.           0.           8.
   0.           0.           8.           0.           0.
   0.           0.           0.           0.           0.
   0.           8.           0.           6.           0.87508929
   0.           6.           8.           0.           6.
   8.           1.78524173   0.           0.           0.
   6.        ]
Iter: 36, Best fit: [66342.12039366] at [  0.           0.          91.         101.           0.
   0.           0.           0.           0.           0.
   0.           0.           0.           0.          91.
   0.           0.           0.         101.           0.
   0.           0.           0.           0.           0.
   0.           0.           0.           0.           0.
  13.           0.           0.           0.           0.
  19.           0.          15.           0.          13.
   0.           0.           0.          15.           0.
   2.9550965    0.           0.           0.          15.
   0.           0.           0.           0.           8.
   0.           0.           8.           0.           0.
   0.           0.           0.           0.           0.
   0.           8.           0.           6.           0.8056842
   0.           6.           8.           0.           6.
   8.           1.75164722   0.           0.           0.
   6.        ]
Iter: 37, Best fit: [66311.75863981] at [  0.           0.          91.         101.           0.
   0.           0.           0.           0.           0.
   0.           0.           0.           0.          91.
   0.           0.           0.         101.           0.
   0.           0.           0.           0.           0.
   0.           0.           0.           0.           0.
  13.           0.           0.           0.           0.
  19.           0.          15.           0.          13.
   0.           0.           0.          15.           0.
   2.65538446   0.           0.           0.          15.
   0.           0.           0.           0.           8.
   0.           0.           8.           0.           0.
   0.           0.           0.           0.           0.
   0.           8.           0.           6.           0.8442916
   0.           6.           8.           0.           6.
   8.           1.6828341    0.           0.           0.
   6.        ]
Iter: 38, Best fit: [66277.55396466] at [  0.           0.          91.         101.           0.
   0.           0.           0.           0.           0.
   0.           0.           0.           0.          91.
   0.           0.           0.         101.           0.
   0.           0.           0.           0.           0.
   0.           0.           0.           0.           0.
  13.           0.           0.           0.           0.
  19.           0.          15.           0.          13.
   0.           0.           0.          15.           0.
   2.40747982   0.           0.           0.          15.
   0.           0.           0.           0.           8.
   0.           0.           8.           0.           0.
   0.           0.           0.           0.           0.
   0.           8.           0.           6.           0.35857645
   0.           6.           8.           0.           6.
   8.           1.78513133   0.           0.           0.
   6.        ]
Iter: 39, Best fit: [66238.33250051] at [  0.           0.          91.         101.           0.
   0.           0.           0.           0.           0.
   0.           0.           0.           0.          91.
   0.           0.           0.         101.           0.
   0.           0.           0.           0.           0.
   0.           0.           0.           0.           0.
  13.           0.           0.           0.           0.
  19.           0.          15.           0.          13.
   0.           0.           0.          15.           0.
   1.98555689   0.           0.           0.          15.
   0.           0.           0.           0.           8.
   0.           0.           8.           0.           0.
   0.           0.           0.           0.           0.
   0.           8.           0.           6.           0.63235638
   0.           6.           8.           0.           6.
   8.           1.61912706   0.           0.           0.
   6.        ]
Iter: 40, Best fit: [66193.94569779] at [  0.           0.          91.         101.           0.
   0.           0.           0.           0.           0.
   0.           0.           0.           0.          91.
   0.           0.           0.         101.           0.
   0.           0.           0.           0.           0.
   0.           0.           0.           0.           0.
  13.           0.           0.           0.           0.
  19.           0.          15.           0.          13.
   0.           0.           0.          15.           0.
   1.30932123   0.           0.           0.          15.
   0.           0.           0.           0.           8.
   0.           0.           8.           0.           0.
   0.           0.           0.           0.           0.
   0.           8.           0.           6.           0.67208149
   0.           6.           8.           0.           6.
   8.           1.6013463    0.           0.           0.
   6.        ]
Iter: 41, Best fit: [66145.15125196] at [  0.           0.          91.         101.           0.
   0.           0.           0.           0.           0.
   0.           0.           0.           0.          91.
   0.           0.           0.         101.           0.
   0.           0.           0.           0.           0.
   0.           0.           0.           0.           0.
  13.           0.           0.           0.           0.
  19.           0.          15.           0.          13.
   0.           0.           0.          15.           0.
   0.87620615   0.           0.           0.          15.
   0.           0.           0.           0.           8.
   0.           0.           8.           0.           0.
   0.           0.           0.           0.           0.
   0.           8.           0.           6.           0.54925993
   0.           6.           8.           0.           6.
   8.           1.54806432   0.           0.           0.
   6.        ]
Iter: 42, Best fit: [66101.67820977] at [  0.           0.          91.         101.           0.
   0.           0.           0.           0.           0.
   0.           0.           0.           0.          91.
   0.           0.           0.         101.           0.
   0.           0.           0.           0.           0.
   0.           0.           0.           0.           0.
  13.           0.           0.           0.           0.
  19.           0.          15.           0.          13.
   0.           0.           0.          15.           0.
   0.31355385   0.           0.           0.          15.
   0.           0.           0.           0.           8.
   0.           0.           8.           0.           0.
   0.           0.           0.           0.           0.
   0.           8.           0.           6.           0.48683187
   0.           6.           8.           0.           6.
   8.           1.5386732    0.           0.           0.
   6.        ]
Iter: 43, Best fit: [66070.38721962] at [  0.           0.          91.         101.           0.
   0.           0.           0.           0.           0.
   0.           0.           0.           0.          91.
   0.           0.           0.         101.           0.
   0.           0.           0.           0.           0.
   0.           0.           0.           0.           0.
  13.           0.           0.           0.           0.
  19.           0.          15.           0.          13.
   0.           0.           0.          15.           0.
   0.13704639   0.           0.           0.          15.
   0.           0.           0.           0.           8.
   0.           0.           8.           0.           0.
   0.           0.           0.           0.           0.
   0.           8.           0.           6.           0.43889108
   0.           6.           8.           0.           6.
   8.           1.45994048   0.           0.           0.
   6.        ]
Iter: 44, Best fit: [66045.37109472] at [  0.           0.          91.         101.           0.
   0.           0.           0.           0.           0.
   0.           0.           0.           0.          91.
   0.           0.           0.         101.           0.
   0.           0.           0.           0.           0.
   0.           0.           0.           0.           0.
  13.           0.           0.           0.           0.
  19.           0.          15.           0.          13.
   0.           0.           0.          15.           0.
   0.           0.           0.           0.          15.
   0.           0.           0.           0.           8.
   0.           0.           8.           0.           0.
   0.           0.           0.           0.           0.
   0.           8.           0.           6.           0.34834078
   0.           6.           8.           0.           6.
   8.           1.41627504   0.           0.           0.
   6.        ]
Iter: 45, Best fit: [66032.94992765] at [  0.           0.          91.         101.           0.
   0.           0.           0.           0.           0.
   0.           0.           0.           0.          91.
   0.           0.           0.         101.           0.
   0.           0.           0.           0.           0.
   0.           0.           0.           0.           0.
  13.           0.           0.           0.           0.
  19.           0.          15.           0.          13.
   0.           0.           0.          15.           0.
   0.           0.           0.           0.          15.
   0.           0.           0.           0.           8.
   0.           0.           8.           0.           0.
   0.           0.           0.           0.           0.
   0.           8.           0.           6.           0.36477603
   0.           6.           8.           0.           6.
   8.           1.34861008   0.           0.           0.
   6.        ]
Iter: 46, Best fit: [66019.40114542] at [  0.           0.          91.         101.           0.
   0.           0.           0.           0.           0.
   0.           0.           0.           0.          91.
   0.           0.           0.         101.           0.
   0.           0.           0.           0.           0.
   0.           0.           0.           0.           0.
  13.           0.           0.           0.           0.
  19.           0.          15.           0.          13.
   0.           0.           0.          15.           0.
   0.           0.           0.           0.          15.
   0.           0.           0.           0.           8.
   0.           0.           8.           0.           0.
   0.           0.           0.           0.           0.
   0.           8.           0.           6.           0.28433866
   0.           6.           8.           0.           6.
   8.           1.31356676   0.           0.           0.
   6.        ]
Iter: 47, Best fit: [66004.25814958] at [  0.           0.          91.         101.           0.
   0.           0.           0.           0.           0.
   0.           0.           0.           0.          91.
   0.           0.           0.         101.           0.
   0.           0.           0.           0.           0.
   0.           0.           0.           0.           0.
  13.           0.           0.           0.           0.
  19.           0.          15.           0.          13.
   0.           0.           0.          15.           0.
   0.           0.           0.           0.          15.
   0.           0.           0.           0.           8.
   0.           0.           8.           0.           0.
   0.           0.           0.           0.           0.
   0.           8.           0.           6.           0.2403434
   0.           6.           8.           0.           6.
   8.           1.25630876   0.           0.           0.
   6.        ]
Iter: 48, Best fit: [65991.20083078] at [  0.           0.          91.         101.           0.
   0.           0.           0.           0.           0.
   0.           0.           0.           0.          91.
   0.           0.           0.         101.           0.
   0.           0.           0.           0.           0.
   0.           0.           0.           0.           0.
  13.           0.           0.           0.           0.
  19.           0.          15.           0.          13.
   0.           0.           0.          15.           0.
   0.           0.           0.           0.          15.
   0.           0.           0.           0.           8.
   0.           0.           8.           0.           0.
   0.           0.           0.           0.           0.
   0.           8.           0.           6.           0.16073949
   0.           6.           8.           0.           6.
   8.           1.22335799   0.           0.           0.
   6.        ]
Iter: 49, Best fit: [65977.26323411] at [  0.           0.          91.         101.           0.
   0.           0.           0.           0.           0.
   0.           0.           0.           0.          91.
   0.           0.           0.         101.           0.
   0.           0.           0.           0.           0.
   0.           0.           0.           0.           0.
  13.           0.           0.           0.           0.
  19.           0.          15.           0.          13.
   0.           0.           0.          15.           0.
   0.           0.           0.           0.          15.
   0.           0.           0.           0.           8.
   0.           0.           8.           0.           0.
   0.           0.           0.           0.           0.
   0.           8.           0.           6.           0.18260724
   0.           6.           8.           0.           6.
   8.           1.14608204   0.           0.           0.
   6.        ]
best_x is  [  0.           0.          91.         101.           0.
   0.           0.           0.           0.           0.
   0.           0.           0.           0.          91.
   0.           0.           0.         101.           0.
   0.           0.           0.           0.           0.
   0.           0.           0.           0.           0.
  13.           0.           0.           0.           0.
  19.           0.          15.           0.          13.
   0.           0.           0.          15.           0.
   0.           0.           0.           0.          15.
   0.           0.           0.           0.           8.
   0.           0.           8.           0.           0.
   0.           0.           0.           0.           0.
   0.           8.           0.           6.           0.18260724
   0.           6.           8.           0.           6.
   8.           1.14608204   0.           0.           0.
   6.        ] best_y is [65977.26323411]