0.1840
0.1820
0.1820
0.1820
0.1860
0.8940
0.1860
0.1840
0.8720
0.1820
0.1780
0.1840
0.1840
0.1840
0.1840
0.1820
0.1820
0.1840
0.1840
0.1860
0.1820
0.2450
0.2360
0.1820
0.2410
0.2410
0.2470
0.2450
0.8090
0.7980
0.2410
0.2414
0.7060
0.2404
0.2404
0.1687
0.2434
0.2424
0.2465
0.2465
0.4700
0.6600
0.2392
0.2420
0.2400
0.2410
0.2420
0.2390
0.8040
0.2390
0.2420
0.2430
0.2440
0.2430
0.2400
0.2430
0.2410
0.2400
0.2410
0.2360
0.8090
0.2380
0.2440
0.8150
0.2470
0.2420
0.2450
0.2430
0.2430
0.2400
0.8080
0.2450
0.2440
0.2410
0.2390
0.2350
0.2030
0.2190
0.1870
0.2150
0.1910
0.2060
0.2310
0.1700
0.2410
0.2010
0.7100
0.7150
0.8060
0.7070
0.7130
0.7090
0.7090
0.7080
0.7080
0.2390
0.2050
0.2090
0.2010
0.2380
0.7120
0.7140
0.7120
0.7100
