1.10196
1.08530
1.07444
1.06507
1.05433
1.05313
1.04634
1.04020
1.03370
1.02446
1.01364
1.00570
1.00144
0.99193
0.98496
0.97905
0.97427
0.96498
0.95796
0.95005
0.94397
0.93909
0.92723
0.92415
0.92284
0.91477
0.91152
0.90325
0.89890
0.89157
0.88862
0.88770
0.88538
0.87506
0.87581
0.86849
0.86174
0.86377
0.86288
0.85795
0.85426
0.85300
0.85095
0.84468
0.84526
0.84252
0.83939
0.83916
0.83866
0.83452
0.82787
0.83396
0.83014
0.82664
0.82266
0.82158
0.83072
0.82486
0.82340
0.82117
0.81972
0.81574
0.81220
0.81414
0.81950
0.82019
0.81736
0.80842
0.81148
0.81208
0.80856
0.80656
0.80061
0.80860
0.81018
0.80875
0.80498
0.80627
0.81230
0.80526
0.80563
0.79873
0.80473
0.79814
0.80103
0.80743
0.79230
0.79530
0.80116
0.80335
0.80045
0.79676
0.79832
0.80783
0.79430
0.79038
0.78936
0.79637
0.79699
0.79624
0.79245
0.79699
0.79378
0.79378
0.79211
0.79162
0.80100
0.79598
0.79062
0.79522
0.78616
0.79604
0.78673
0.79029
0.79368
0.79339
0.79427
0.79490
0.79011
0.78795
0.79024
0.80122
0.79165
0.78888
0.79436
0.78868
0.78620
0.78544
0.79089
0.78561
0.78968
0.78770
0.78915
0.78820
0.78992
0.79023
0.78750
0.78381
0.79115
0.79784
0.79018
0.79243
0.78858
0.79080
0.79241
0.78477
0.77598
0.78349
0.78062
0.78854
0.78274
0.78758
0.79002
0.79177
0.79458
0.78490
0.78763
0.77976
0.78254
0.79440
0.78097
0.78888
0.78125
0.78362
0.78862
0.78507
0.78099
0.78456
0.77784
0.78985
0.78022
0.78296
0.77886
0.78515
0.77949
0.78780
0.79481
0.78321
0.77914
0.78450
0.77629
0.78430
0.78442
0.78211
0.78067
0.78222
0.78194
0.78190
0.77953
0.78554
0.78658
0.78404
0.78435
0.78460
0.78473
0.77427
0.78249
0.78476
0.77788
0.78806
