0.28685
0.40065
0.40695
0.42955
0.44109
0.43944
0.44248
0.45322
0.46022
0.47470
0.48405
0.50414
0.52044
0.53497
0.55501
0.56671
0.56697
0.57371
0.57408
0.57023
0.57029
0.56649
0.57803
0.56254
0.56334
0.56425
0.56799
0.57563
0.58193
0.58290
0.58797
0.59492
0.59588
0.60186
0.59999
0.60058
0.60875
0.60336
0.60448
0.60972
0.60998
0.61036
0.60854
0.61714
0.61212
0.61880
0.61901
0.61538
0.62024
0.61971
0.62414
0.61688
0.61816
0.62211
0.62900
0.62623
0.62078
0.62163
0.62067
0.62436
0.62227
0.62788
0.62965
0.62847
0.62131
0.61981
0.62612
0.62831
0.63002
0.62767
0.62799
0.63542
0.63408
0.62879
0.62174
0.62954
0.62794
0.62388
0.62072
0.62943
0.62954
0.63595
0.63034
0.62794
0.62895
0.62778
0.64006
0.63889
0.63622
0.63007
0.62895
0.63697
0.63093
0.63039
0.63558
0.63857
0.63606
0.63253
0.62687
0.62858
0.63339
0.62906
0.63371
0.63253
0.63168
0.63905
0.62981
0.62922
0.63419
0.63258
0.64055
0.63136
0.63494
0.63221
0.63045
0.63499
0.63515
0.63483
0.63023
0.63376
0.63339
0.62922
0.63504
0.63670
0.62927
0.63435
0.63280
0.63734
0.63077
0.63542
0.64135
0.63659
0.63627
0.64092
0.63114
0.63237
0.63435
0.64087
0.63029
0.62772
0.63258
0.62965
0.63734
0.63659
0.63226
0.63002
0.64039
0.63291
0.63686
0.63787
0.64236
0.63697
0.63200
0.63023
0.63082
0.63162
0.63408
0.63793
0.63777
0.63173
0.63461
0.63098
0.63697
0.63445
0.63574
0.63526
0.63510
0.63616
0.63841
0.63654
0.63654
0.64012
0.64012
0.63777
0.63980
0.63552
0.62548
0.63483
0.64167
0.63510
0.64375
0.63686
0.64161
0.63606
0.63627
0.63488
0.63349
0.63665
0.63686
0.63248
0.63734
0.63323
0.64060
0.63595
0.63723
0.63910
0.63900
0.63531
0.63889
0.63248
