1.07799
1.06014
1.04550
1.03299
1.02211
1.01299
1.00487
0.99747
0.99063
0.98400
0.97727
0.97037
0.96333
0.95572
0.94730
0.93781
0.92735
0.91610
0.90446
0.89260
0.88091
0.86954
0.85864
0.84823
0.83835
0.82890
0.81966
0.81098
0.80261
0.79453
0.78659
0.77883
0.77134
0.76394
0.75694
0.75048
0.74381
0.73683
0.73031
0.72425
0.71863
0.71354
0.70895
0.70471
0.70080
0.69686
0.69270
0.68832
0.68421
0.68059
0.67720
0.67424
0.67170
0.66943
0.66700
0.66465
0.66198
0.65913
0.65645
0.65425
0.65240
0.65068
0.64890
0.64697
0.64451
0.64217
0.63999
0.63819
0.63686
0.63618
0.63469
0.63265
0.63019
0.62744
0.62532
0.62371
0.62242
0.62150
0.62044
0.61934
0.61784
0.61637
0.61500
0.61376
0.61256
0.61194
0.61168
0.61044
0.60884
0.60757
0.60656
0.60577
0.60539
0.60502
0.60426
0.60273
0.60107
0.59975
0.59867
0.59786
0.59693
0.59567
0.59440
0.59346
0.59273
0.59225
0.59131
0.58998
0.58896
0.58826
0.58777
0.58760
0.58683
0.58601
0.58567
0.58508
0.58443
0.58369
0.58311
0.58231
0.58179
0.58182
0.58214
0.58231
0.58094
0.57948
0.57867
0.57818
0.57863
0.57868
0.57739
0.57586
0.57469
0.57407
0.57356
0.57342
0.57297
0.57280
0.57245
0.57174
0.57092
0.57064
0.57125
0.57176
0.57112
0.57013
0.56923
0.56860
0.56840
0.56891
0.56920
0.56825
0.56696
0.56642
0.56622
0.56628
0.56634
0.56580
0.56546
0.56572
0.56486
0.56421
0.56432
0.56417
0.56329
0.56203
0.56133
0.56125
0.56170
0.56278
0.56126
0.55962
0.55868
0.55848
0.55921
0.56100
0.56095
0.55940
0.55827
0.55827
0.55859
0.55946
0.55993
0.55910
0.55804
0.55727
0.55684
0.55734
0.55919
0.55776
0.55557
0.55471
0.55451
0.55493
0.55603
0.55544
0.55399
0.55329
0.55318
0.55337
