0.55000
0.66600
0.67000
0.67600
0.66200
0.66000
0.66200
0.67600
0.68600
0.69600
0.69400
0.70400
0.74200
0.76400
0.77200
0.77200
0.77400
0.77600
0.78400
0.78400
0.78600
0.79000
0.79200
0.79600
0.79800
0.80200
0.80400
0.81200
0.82000
0.82600
0.83200
0.83200
0.83600
0.83600
0.83400
0.83800
0.84000
0.83400
0.83400
0.83200
0.83200
0.83400
0.83600
0.84000
0.84600
0.84800
0.84600
0.84400
0.84800
0.84400
0.84600
0.84600
0.85200
0.85000
0.85200
0.85400
0.85400
0.85000
0.84800
0.84800
0.85000
0.85600
0.85400
0.85400
0.85400
0.85000
0.85000
0.85600
0.85800
0.85400
0.85600
0.85600
0.86000
0.85600
0.85400
0.85600
0.85800
0.85800
0.85800
0.86200
0.86400
0.85800
0.85600
0.85600
0.85600
0.86000
0.86000
0.85600
0.86000
0.86200
0.86200
0.86000
0.85800
0.86000
0.86000
0.86200
0.86000
0.86400
0.86200
0.86200
0.86000
0.86200
0.86200
0.86200
0.86000
0.86400
0.86400
0.86200
0.86200
0.86200
0.86200
0.86600
0.86800
0.86600
0.86800
0.86400
0.86400
0.86400
0.86400
0.86000
0.86200
0.86600
0.86400
0.86600
0.86400
0.86200
0.86200
0.86200
0.86400
0.86600
0.86400
0.86200
0.86600
0.86600
0.86400
0.86400
0.86400
0.86200
0.86400
0.86200
0.86400
0.86400
0.86600
0.86600
0.86600
0.86400
0.86000
0.86200
0.86400
0.86400
0.86600
0.86400
0.86400
0.86000
0.86000
0.86400
0.86400
0.86400
0.86400
0.86400
0.86400
0.86400
0.86000
0.86000
0.86000
0.86600
0.86200
0.87000
0.86600
0.86600
0.86800
0.86600
0.86000
0.86000
0.86600
0.86800
0.86400
0.86400
0.86000
0.86200
0.86600
0.86600
0.86600
0.86600
0.86200
0.86000
0.85800
0.86200
0.86800
0.86600
0.86600
0.85800
0.85800
0.86200
0.86600
0.86400
0.86400
0.86200
0.86200
0.86200
